# Isotope database for Ge analysis
#
# C. Krauss April 2012 
#
# format: [element by name, A],  half-life, number of lines, energy in keV, intensity in %, text line with source 
information, lines below 50keV usually omitted.

# only lines with intensity of > .1 % are listed.

[Bi214]
1194 s
46
   273.80  	      0.128 
   348.92  	      0.104 
   386.78  	      0.295 
   388.89  	      0.402 
   405.72  	      0.169 
   454.79  	      0.292 
   469.77  	      0.132 
   609.320  	     45.49 
   665.447  	      1.531 
   703.11  	      0.472 
   719.87  	      0.392 
   752.85  	      0.128 
   768.360  	      4.894 
   786.35  	      0.32 
   806.180  	      1.264 
   821.18  	      0.161 
   826.45  	      0.117 
   934.056  	      3.107 
   964.08  	      0.365 
  1120.294  	     14.92 
  1155.210  	      1.633 
  1207.68  	      0.451 
  1238.122  	      5.834 
  1280.976  	      1.434 
  1377.669  	      3.988 
  1385.310  	      0.793 
  1401.515  	      1.330 
  1407.988  	      2.394 
  1509.210  	      2.130 
  1538.53  	      0.398 
  1543.34  	      0.303 
  1583.204  	      0.705 
  1594.75  	      0.267 
  1599.37  	      0.324 
  1661.274  	      1.047 
  1684.012  	      0.214 
  1729.595  	      2.878 
  1764.491  	     15.30 
  1838.36  	      0.350 
  1847.429  	      2.025 
  1873.16  	      0.214 
  1896.05  	      0.149 
  2118.514  	      1.160 
  2204.059  	      4.924 
  2293.38  	      0.307 
  2447.70  	      1.548 
  nndc, April 2012

[K40]
3.9357E16 s
1
1460.822	10.66	
nndc, April 2012

[Pb214]
1608 s
19
   10.8	     12.0 
    53.2284  	      1.075 
    74.815	      5.8 
    77.107	      9.7 
    86.83	      1.17 
    87.349	      2.24 
    89.784	      0.82 
   241.9950  	      7.251 
   258.86 	      0.531 
   274.80 	      0.355 
   295.2228  	     18.42 
   351.9321  	     35.60 
   462.02 	      0.212 
   480.432  	      0.337 
   487.14 	      0.432 
   533.66  	      0.181 
   580.14  	      0.370 
   785.96  	      1.06 
   839.07  	      0.583 
nndc, April 2012

[Ra226]
5.05E10 s
1
186.211     3.64 
nndc April 2012

[Th234]
2.082E6 s
5
    13.3	      7.1 
    63.29  	      3.7 
    92.38  	      2.13 
    92.80  	      2.10 
   112.81 	      0.210 
nndc, April 2012

[Pb212]
38.3E3 s
8
    10.8	     14.3 
    74.815	     10.28 
    77.107	     17.1 
    86.83	      2.07 
    87.349	      3.97 
    89.784	      1.46 
   115.183  	      0.596 
   238.632 	     43.6 
   300.087 	      3.30 
nndc, April 2012

[Tl208]
183.18 s
19
    10.6	      2.75 
    72.805	      2.01 
    74.969	      3.35 
    84.45	      0.404 
    84.938	      0.776 
    87.3	      0.283 
   211.40  	      0.180 
   233.36  	      0.310 
   252.61  	      0.780 
   277.371 	      6.6 
   510.77  	     22.60 
   583.187  	     85.0 
   722.04  	      0.24 
   763.13  	      1.79 
   860.557  	     12.50 
   927.6  	      0.125 
   982.7  	      0.205 
  1093.9 	      0.430 
  2614.511  	     99.754 
nndc, April 2012

[Ac228]
22140 s
65
    13.0	     33.7 
    57.766  	      0.47 
    89.957	      1.9 
    93.35	      3.1 
    99.509  	      1.26 
   104.819	      0.38 
   105.604	      0.72 
   108.582	      0.28 
   129.065  	      2.42 
   145.849  	      0.158 
   153.977  	      0.722 
   191.353  	      0.123 
   199.407  	      0.315 
   204.026  	      0.112 
   209.253 	      3.89 
   270.245  	      3.46 
   278.95  	      0.160 
   321.646  	      0.226 
   327.44 	      0.12 
   328.000  	      2.95 
   332.370  	      0.40 
   338.320  	     11.27 
   340.96  	      0.369 
   409.462  	      1.92 
   440.44  	      0.121 
   463.004  	      4.40 
   478.33  	      0.209 
   503.823  	      0.182 
   508.959  	      0.45 
   523.131  	      0.103 
   546.47 	      0.201 
   562.500  	      0.87 
   570.91  	      0.182 
   572.14  	      0.150 
   583.41  	      0.111 
   701.747  	      0.173 
   707.41  	      0.155 
   726.863  	      0.62 
   755.315  	      1.00 
   772.291  	      1.49 
   782.142  	      0.485 
   794.947  	      4.25 
   830.486  	      0.540 
   835.710  	      1.61 
   840.377  	      0.91 
   904.20  	      0.77 
   911.204  	     25.8 
   947.982  	      0.106 
   958.61  	      0.28 
   964.766  	      4.99 
   968.971  	     15.8 
  1033.248 	      0.201 
  1065.18  	      0.132 
  1095.679  	      0.129 
  1110.610  	      0.285 
  1153.52  	      0.139 
  1247.08  	      0.50 
  1459.138  	      0.83 
  1495.910  	      0.86 
  1501.57  	      0.46 
  1557.11  	      0.178 
  1580.53  	      0.60 
  1588.20  	      3.22 
  1625.06  	      0.255 
  1630.627  	      1.51 
  1638.281  	      0.47 
  1666.523  	      0.178 
nndc, April 2012

[Cs137]
9.49E8 s
7
    4.47	      0.91 
    31.817	      1.99 
    32.194	      3.64 
    36.304	      0.348 
    36.378	      0.672 
    37.255	      0.213 
   661.657  	     85.10 
nndc, April 2012

[U235]
2.22E16 s
15
    13.0	     37 
    89.957	      3.47 
    93.35	      5.60 
   104.819	      0.693 
   105.604	      1.32 
   108.582	      0.506 
   109.16  	      1.54 
   140.76  	      0.220 
   143.76  	     10.96 
   163.33  	      5.08 
   185.715  	     57.2 
   194.94  	      0.630 
   202.11  	      1.080 
   205.311  	      5.01 
   221.38  	      0.120 
nndc, April 2012

[Co60]
166344192 s
2
  1173.228  	     99.85 
  1332.492  	     99.9826 
nndc, April 2012


[Pa234m]
69.54 s
1
  1001.03  	      0.842 
nndc, Nov 2012

[La138]
3.21881E18 s
2
 1435.795  	     65.6 
  788.742  	     34.4 
nndc, Nov 2012, Nuclear Data Sheets 98, 515 (2003)

[Pb210]
7.00564e8 s
1
 46.539	           4.25
nndc, March 2013, Nuclear Data Sheets 99, 649 (2003)
